Jazz|[  6.15000408e-06   2.48587760e-03   3.81422788e-03   7.65106117e-04
  -1.44194905e-03  -2.29194318e-03   1.51870435e-03   2.37279595e-03
   4.47182078e-03  -1.91347455e-04  -7.30948756e-04  -1.46428903e-03
  -3.65455332e-03   2.65743188e-03   1.46644958e-03  -2.17597210e-03
  -1.66577299e-03  -2.65620206e-03   2.34031421e-03  -3.29811499e-03
  -1.62407267e-03   1.93888124e-03  -1.94711203e-03   5.06922894e-04
   2.43546581e-03   3.68430978e-03  -7.96493841e-04  -1.47861533e-03
   3.76190525e-03  -1.60340848e-03   5.34828345e-04  -1.50768063e-03
   3.12079303e-03  -2.00477685e-03   4.75607859e-03  -4.48129699e-03
   4.08654334e-03   4.29070526e-04  -4.26617591e-03   3.60935112e-03
   5.60539891e-04   3.19940201e-03   4.09550732e-03  -3.01956548e-03
   1.11161335e-03   9.90526634e-04  -3.86272976e-03  -4.17168299e-03
   1.10165204e-03   2.69790064e-03  -3.13916826e-03   3.28062125e-03
  -1.24652288e-04  -1.23101263e-03  -4.94179176e-03   2.80586537e-03
  -1.56961891e-04   3.98749718e-03  -3.16962856e-03  -3.12861498e-03
   2.98909936e-03   7.59068527e-04  -4.50893026e-03   2.11335556e-03
   2.98669538e-03   1.79508107e-03   2.64150184e-03  -3.00020707e-04
  -4.04973328e-03   4.11657942e-03   1.58895459e-03  -5.86839800e-04
  -4.71324846e-03   1.99555350e-03  -2.37769959e-03   2.22828658e-03
   4.18007793e-03   3.28340963e-03   3.69571289e-03  -2.25352915e-03
   2.72218045e-03   1.63526891e-03   4.92602812e-05   4.71508130e-03
   1.48791032e-05  -4.41838475e-03   5.63911512e-04   8.60953645e-04
   1.27736782e-03   4.91429644e-04  -1.49824691e-03  -1.31942728e-03
  -3.37379938e-03   4.60069161e-03  -2.87593994e-03   1.23685447e-03
   4.91657108e-03  -2.08205660e-03  -4.08383133e-03   2.44896481e-04]
Electronic|[  4.89246380e-03   3.48719978e-03  -4.31834394e-03  -4.21793293e-03
   4.80994536e-03   3.87451216e-03  -3.12848832e-03  -8.02045048e-04
   3.70626478e-03  -4.43959562e-03  -2.65157106e-03   2.55741156e-03
   1.63312769e-03   1.19580061e-03   2.65496410e-03   8.71904413e-05
  -4.63107973e-03  -2.70930189e-03  -2.29361979e-03   4.75718669e-04
   2.96000112e-03   4.20830306e-03   3.16113164e-03   1.17644505e-03
  -1.67461194e-03   1.42531854e-03  -2.67119077e-03  -4.80492041e-03
  -4.30200621e-03  -1.29123422e-04  -2.90452759e-03  -3.79727152e-03
   4.87862760e-03  -4.68763756e-04   2.46000034e-03  -1.46897533e-03
  -3.54654435e-03   1.06541079e-03  -2.45336210e-03  -2.64727650e-03
   1.26937253e-03  -3.35484743e-04   2.23223702e-03  -4.35965694e-03
  -3.02225887e-03  -1.87212275e-03  -3.91761865e-03  -2.17750645e-03
   1.73154520e-03  -5.76098937e-05  -3.54525913e-03   2.09919433e-03
   4.89061885e-03  -3.28976149e-03  -6.06508285e-04  -3.51449824e-04
   2.92858318e-03   1.41355267e-03   2.96036160e-04   9.39497608e-04
   8.91211457e-05  -5.59922191e-04   2.52104900e-03   2.81892414e-03
   3.67267290e-03  -6.23359869e-04  -4.23898827e-03   2.43501365e-03
  -3.95936100e-03   7.29651249e-04   1.44765247e-03  -4.74725896e-03
   1.72509381e-03   4.46560327e-03  -3.05413175e-03   4.74072527e-03
  -3.19135934e-03  -1.93840091e-03   3.44738620e-03   1.63643388e-03
  -4.79313836e-04  -4.59759030e-03  -1.97659968e-03  -4.63192351e-03
  -3.75852128e-03  -4.24574502e-03   2.48716818e-03   2.84729269e-03
  -1.30497070e-03   1.74673647e-03   3.52476817e-03  -4.19773348e-03
   8.36070103e-04  -1.24390842e-03   9.85231367e-04   8.10223282e-04
  -4.59743896e-03  -4.89123864e-04   3.85237997e-03   3.26068373e-03]
New Age|[ -2.66711717e-03   3.90477851e-03   4.65113058e-04   4.39216179e-04
   3.20654392e-04  -2.91674258e-03  -1.83386495e-03  -8.81548331e-04
  -2.45161797e-03   8.09944293e-04   2.57130456e-03  -1.23979989e-03
  -3.27767082e-03  -3.57974647e-03  -2.21707532e-03  -1.45200279e-03
   3.32170865e-03   1.95322814e-03   1.50362647e-03  -4.73169377e-03
  -4.74787317e-03  -4.64385957e-04   1.55927031e-04  -3.14433337e-03
  -5.07909514e-04   3.74371954e-03   2.54015694e-03  -2.73498707e-03
   3.56064597e-03   5.75988262e-04  -1.07889692e-03  -1.88944978e-03
   6.69032161e-04   1.30312599e-03   1.02348800e-03   1.95742212e-03
  -1.46121820e-04  -6.82674756e-04   4.13310621e-03   2.02090992e-03
  -1.49097096e-03  -8.41296511e-04  -3.36624519e-03   3.52086360e-03
  -4.96170204e-03  -3.19463038e-03  -3.89358937e-03   4.84738173e-03
   2.67266529e-03  -2.46991101e-03  -1.17647310e-03  -4.62055526e-04
  -8.83665751e-04  -4.24919970e-04  -3.74800456e-03  -3.62420012e-03
   2.66748969e-03  -1.64648273e-03   1.42237975e-03  -1.98426773e-03
   2.57314392e-03   3.74736008e-03   4.01168922e-03  -1.40601571e-03
   2.28380435e-03   1.51626882e-03  -1.67647086e-03  -6.18909835e-04
  -2.44332943e-03  -2.92185089e-03  -1.52132404e-03  -4.71230131e-03
   4.30712716e-05  -4.44678776e-03  -3.88319138e-03   4.75608325e-03
   1.13194215e-03  -4.41562105e-03  -2.15359428e-03   4.96545050e-04
  -1.60208408e-04  -5.15908177e-04  -1.46109133e-03   2.42227875e-03
  -3.85833764e-03  -9.50284651e-04  -3.87239879e-06  -2.49496032e-03
  -1.88312167e-03  -1.31414237e-03  -4.21868498e-03   1.85146870e-03
  -4.99856565e-03   5.70391014e-04   6.94934861e-04   4.26090497e-04
   2.13732850e-03   4.13010828e-03   9.06285306e-04   2.72003212e-03]
Rock|[ -4.31607151e-03   2.22191354e-03   3.68373911e-03  -2.25753407e-03
  -4.63458570e-03   3.39349685e-03  -6.31536124e-04  -2.18640058e-03
   4.25103214e-03   8.41267931e-04   4.35140450e-03  -3.97782307e-03
   8.51629884e-04   1.33581541e-03  -3.52722639e-03   4.09239950e-03
  -4.32671234e-03  -2.86882347e-03  -2.96850107e-03  -1.35361124e-03
  -3.06354719e-03  -7.76910165e-05  -2.95869634e-03   2.72367755e-03
   3.50192282e-03  -3.56585486e-04  -6.02808490e-04   1.32306002e-03
  -2.69328407e-03   2.09412281e-03   4.01645852e-03   2.75377231e-03
  -1.48060673e-03   2.90960749e-03  -3.56420409e-03  -6.60837046e-04
  -2.23764830e-04  -1.06073520e-03   3.68370954e-03  -2.45869625e-03
   1.63455959e-03   1.24799844e-03  -5.70122756e-05   2.32781842e-03
   4.44445107e-03   3.79471784e-03  -4.71915788e-04   2.65553681e-04
  -4.68295068e-03  -1.83703145e-03   4.54770774e-03   1.04167720e-03
   4.93569300e-03  -6.28601527e-04   1.83152652e-03   4.72424272e-03
  -1.13149604e-03  -4.67004487e-03   3.05966870e-03  -3.95510206e-03
   1.65402878e-03   3.64370062e-03  -3.95717286e-03   3.52390157e-03
  -3.90045205e-03  -3.63838999e-03   2.91203568e-03   3.07585322e-03
   4.51932009e-03  -3.78193008e-03   1.87621382e-03   1.08244200e-03
   4.25781636e-03  -1.03504641e-03   2.87502958e-03  -4.22301888e-03
  -1.78829685e-03   2.85989069e-03   4.03161813e-03   3.59834288e-04
   2.39491070e-04   2.29402143e-03   1.66054582e-03  -4.43782425e-03
   2.28604837e-03  -4.66662133e-03  -2.44072685e-03  -4.38955333e-03
  -4.07662429e-03   1.91917461e-05  -2.02186103e-03   1.44342787e-03
   1.01932837e-03  -2.59290379e-03  -2.64835806e-04   4.01415164e-03
   3.85587499e-03   3.43039492e-03   2.95269908e-03   1.75239856e-03]
Non-music|[ -2.38426821e-03  -1.45667174e-03   2.61129672e-03   4.67967708e-03
  -3.24254413e-03   2.56450934e-04   4.98033641e-03  -4.77348780e-03
  -3.66332429e-03   1.49199041e-03  -5.03620657e-04   2.66344775e-03
  -1.13249791e-03   7.98748049e-04   4.70634270e-03  -2.39101518e-03
   1.82590936e-03   4.48630750e-03   1.47975559e-04   2.43827913e-06
  -1.20805104e-04   3.19547765e-03  -3.11757950e-03  -3.57351440e-04
  -2.01960700e-03  -2.99224339e-05  -1.34022837e-03   1.61647412e-03
   9.13058408e-04   2.95504113e-03   2.32167845e-03   4.58736358e-05
  -1.54927396e-03  -4.56629507e-03  -3.05134640e-03   1.60461932e-03
  -3.49041191e-03  -3.63036082e-03   8.19013396e-04  -4.22372157e-03
   1.52615935e-03   1.46186422e-03  -1.58066209e-03   4.37236777e-05
  -4.22225613e-03   2.17682146e-03   6.74403855e-04  -2.62725796e-03
   1.51861773e-03   1.73835177e-03  -7.52490363e-04  -1.14239322e-03
  -6.27351110e-04  -2.32312456e-03  -4.70320974e-03   4.69972426e-03
   3.93829728e-03   4.44782805e-03   1.84431463e-03  -4.23069485e-03
   1.30322354e-03  -4.48965933e-03  -4.40090708e-03  -2.88371462e-03
   3.98753770e-03   4.67723818e-04  -1.56627549e-03   3.92496353e-03
  -3.66352440e-04   4.30076243e-03  -1.80491200e-03   4.47424268e-03
   1.50189607e-03  -1.20905566e-03   1.17840187e-03  -3.49597167e-03
  -1.40855496e-03  -1.13035238e-03   4.31038253e-03   4.72375052e-03
  -3.14854691e-03   7.01868616e-04   2.52702343e-03   2.12851074e-03
   3.68552492e-03   3.05610034e-03   4.27027373e-03   7.03101105e-04
  -2.79772235e-03   3.83561687e-03   4.40963404e-03  -7.31781416e-04
   2.97371321e-03  -3.93561181e-03  -4.65221191e-03  -4.42739157e-03
  -3.90865421e-03  -4.84224316e-03  -1.97260361e-03  -3.10039311e-03]
Folk|[  3.02439928e-03   3.09965643e-03  -3.23039992e-03   8.50065378e-04
   1.12429040e-03  -2.83096801e-03  -2.88339006e-03  -2.16948707e-03
  -2.98120035e-03   4.27942909e-03  -2.35006702e-03  -3.79130011e-03
   2.99927825e-03  -4.47823526e-03   3.92727973e-03  -2.44490709e-03
  -4.84557095e-04  -1.83312676e-03   4.65092063e-03  -3.62832192e-03
   2.59972032e-04  -3.05837858e-03   2.67831096e-03   3.83556890e-03
  -1.69035676e-03  -6.27089350e-04   2.06612819e-03  -3.51847149e-03
   5.30527555e-04  -3.08387447e-03   8.26186151e-04   2.50174594e-03
   2.82039307e-03  -1.08466286e-03   1.88742916e-03   4.87807579e-03
  -2.53267214e-03  -3.21257464e-03  -4.17120196e-03  -3.42934014e-04
   1.50587980e-03   1.45770039e-03  -3.06203146e-05  -3.00192903e-03
  -1.00931305e-04   1.37051754e-03  -3.20683513e-03   3.57512082e-03
   6.49186084e-04  -7.86769553e-04  -1.43109588e-03   6.84856786e-04
  -4.48008347e-03   1.47684594e-03   2.42642243e-03  -1.85791159e-03
  -2.79057375e-03   2.46986951e-04  -1.44754956e-03  -4.73198341e-03
  -5.22811315e-04  -4.80588205e-04  -3.79004097e-03   3.78465257e-03
   3.92209180e-03   4.04907111e-03  -1.18908542e-03  -2.44314666e-04
   1.08442351e-03   2.39723921e-03   3.59287788e-03   5.51027129e-04
  -4.37733019e-03   5.65893890e-04  -3.50636849e-03  -7.44236633e-04
   3.72588518e-03   4.29336913e-03  -4.09478147e-04  -2.33046780e-03
   8.43674061e-04  -3.63872433e-03   4.61762911e-03  -2.08115904e-03
   6.74255658e-04  -2.04986776e-03  -4.55732597e-03  -2.51218118e-03
   1.83757138e-03  -2.57188058e-03  -1.54296999e-04   7.71578110e-04
  -1.27701776e-03  -2.28806748e-03   1.02526450e-03  -1.32678903e-03
   2.01057224e-03   1.33513391e-03   4.47627716e-03  -1.96570228e-03]
Gospel|[-0.00015514  0.00066094 -0.00455257  0.00226308  0.00418582  0.00267166
 -0.0023941  -0.00253555  0.00226581 -0.00060399 -0.00487314 -0.00206667
  0.0028744   0.00286835 -0.00456615 -0.00364837 -0.00472333 -0.00094197
 -0.00066364  0.00027297  0.00021989 -0.00108913 -0.0026287  -0.00468346
  0.00383189 -0.00485295  0.00115678  0.00415093  0.00441495 -0.00235803
 -0.00316845  0.0042519   0.00121013 -0.00227901 -0.00057933 -0.00433174
  0.00116077 -0.00398299 -0.00349008 -0.00095282 -0.0044867   0.00334425
 -0.00042035  0.00082542 -0.00249797 -0.00185338  0.0029349   0.00402856
  0.0035453   0.00161315 -0.00458294  0.0008925  -0.00240815 -0.00391052
 -0.00200191 -0.00472467  0.00133671 -0.00469072 -0.00109342 -0.00115508
 -0.00167376 -0.00432464 -0.00083748 -0.00191795  0.00161029  0.00356799
 -0.00451972  0.00167374  0.00488199 -0.00124053 -0.00202044  0.00427051
 -0.00325788  0.00290048 -0.00241892  0.0038112  -0.0008105   0.00127153
  0.00278811  0.00338426  0.00141529  0.00202157  0.00441001 -0.00286896
  0.00063666  0.00052983  0.00479105  0.00221158 -0.00163697 -0.00464536
 -0.00018801  0.00425744  0.00311358  0.00157642  0.00249458  0.00212239
  0.00262197  0.00378159 -0.00458494  0.00068585]
Holiday|[ -1.53337454e-03  -2.47836416e-03  -3.16693145e-03   3.39173828e-04
  -8.08316749e-04   2.48906412e-03   1.74647302e-03   3.44717270e-03
   2.28032470e-03  -1.43473048e-03   2.98933405e-03   2.14967481e-03
  -3.89849069e-03  -4.87282919e-03  -4.02471935e-03   4.90143709e-03
  -2.91795266e-04   4.62861592e-03  -2.82075582e-03   4.62972373e-03
   2.67120660e-03  -4.03307611e-03   2.16454617e-03   3.73466266e-03
   1.33873036e-04   1.84825592e-04  -8.31863319e-04   4.59254719e-03
   2.00810330e-03  -3.82335507e-03   1.70690857e-03  -1.52075983e-04
  -4.58203256e-03   4.92761564e-03  -4.29619756e-03  -3.83907347e-04
   4.50260704e-03   4.68226057e-03  -3.66421603e-03   3.34763667e-03
  -6.98344782e-04  -1.63575413e-03  -4.97759646e-03  -4.53671301e-03
   3.95206548e-03  -9.82982572e-04  -1.26794365e-03  -4.85574035e-03
   9.68445675e-04  -2.49887654e-03  -3.43314162e-03  -1.77394995e-03
   2.48888554e-03  -2.38670339e-03  -2.65781023e-03  -4.15251078e-03
   4.71920613e-03  -2.81502004e-03   4.20846092e-03  -1.43447111e-03
   1.51573240e-05   3.94495530e-03  -2.36367597e-03  -4.69157286e-03
   5.07002696e-04   3.81725724e-03   2.05168710e-03   4.75671934e-03
  -3.43296351e-03   8.83377565e-04  -7.23881996e-04  -1.53121795e-03
   1.27091305e-03   1.46166742e-04  -1.11978920e-03   5.44098439e-04
   3.22494586e-03   1.23068268e-04   3.13449604e-03   9.45026113e-04
   3.89052089e-03  -2.13088049e-03   1.16876618e-03  -2.57178373e-03
   3.32594180e-04  -1.26514875e-03  -2.69490504e-03   3.89842829e-03
  -1.37235411e-03   1.93492870e-03  -8.73198675e-04  -2.92735803e-03
  -1.59078895e-03  -3.81797110e-03  -4.55412781e-03   4.74771624e-03
   1.08126388e-03  -4.72225808e-03   5.05988195e-04   1.67174975e-03]
Classical|[ -3.70712229e-03  -3.26909521e-03   3.24353483e-03  -3.40205827e-03
  -2.12287670e-03   4.41971375e-03   4.26151184e-03   1.24596222e-03
   1.85807049e-03   2.07040249e-03  -3.93368909e-03   3.38821020e-03
   3.33971414e-03   3.62308626e-03  -3.30411526e-03   1.70475850e-03
   4.84642247e-03   2.32321490e-03   3.35375848e-03   4.98859352e-03
   4.49653622e-03   3.57632269e-03  -2.59039714e-03   2.51711765e-03
  -1.60268182e-03  -4.62732604e-03   4.33046557e-03   2.48575956e-03
   4.93756076e-03   9.72538779e-04   3.61757842e-03  -1.53210165e-03
  -2.88530346e-03   1.78612664e-03   2.66146054e-03  -3.65300965e-03
   2.05370178e-03   2.89640576e-03   9.51632275e-04   1.48208128e-04
  -3.71321966e-03  -4.16272832e-03   4.49574832e-03   4.25528595e-03
  -3.56920226e-03  -4.62904014e-03   3.08920443e-03  -1.47099141e-03
   2.39262613e-03   3.74378730e-03   4.53223707e-04  -1.68335380e-03
  -3.82095459e-04   3.27365263e-03   4.38689487e-03   5.56771178e-04
   2.02119397e-03  -4.30242764e-03  -7.53519926e-05   7.41637661e-04
  -1.55428599e-03   2.16494268e-03  -4.90462082e-03   2.18917266e-03
   1.44795724e-03  -4.65628039e-03  -3.41073656e-03  -4.24740463e-03
   3.68445297e-03   7.84191536e-04   3.83785064e-03  -2.36646878e-03
  -1.62148487e-03   1.20234455e-03  -1.61514047e-03   4.33326140e-03
  -2.53247167e-03   2.50673341e-03   4.26591752e-04   4.82275756e-03
  -3.47251771e-04  -3.18308524e-03   4.89202852e-04  -1.43402012e-03
   7.22828729e-04  -1.48320233e-03   4.58536204e-03  -3.80307133e-03
  -3.25175887e-03   2.27745360e-04   1.52248563e-03   3.41763836e-03
  -2.56833341e-03  -5.80064720e-04   3.99381854e-03   4.91881464e-03
  -1.43667974e-03  -1.74935767e-03  -6.07159804e-04  -4.37110988e-03]
Hip-Hop/Rap|[ 0.00064304  0.00454835  0.00043523 -0.00050713 -0.00399136 -0.00231664
 -0.00464285 -0.00042453 -0.00485008  0.00452473  0.0043085   0.00432531
  0.00015028 -0.00190623 -0.00188787 -0.00105512 -0.00024032  0.00193072
  0.00050533 -0.00400987  0.00096771 -0.00335572 -0.00060259  0.00052241
 -0.00139816  0.00388197 -0.00089802  0.00024135  0.0046244  -0.00081555
  0.00357496 -0.00131006 -0.00441467 -0.00023918  0.00075025 -0.00111826
  0.00282718 -0.00243132  0.00436225  0.00037206 -0.00445449 -0.00221746
 -0.00473141  0.00307971  0.00041707  0.00401242  0.00030566 -0.00047248
  0.00260279 -0.00456256 -0.0037202  -0.00445019  0.00426771 -0.00367163
  0.00412926  0.00275824  0.00353554  0.00436077 -0.00488993  0.00388357
  0.00309683  0.00409049  0.00339382  0.00066176  0.00437743  0.00202101
 -0.00401187 -0.00042215 -0.00393874  0.00250781 -0.00293686 -0.00202892
  0.00049351  0.00353601  0.00112693  0.00173951 -0.00087437 -0.00444262
 -0.00068904  0.00353647  0.00160159 -0.00137862  0.00242595  0.0012494
  0.00105379  0.00424702 -0.0016765  -0.00221177 -0.00461615 -0.00125193
 -0.00404379 -0.00030183  0.0006543   0.00322676 -0.00179199 -0.00228407
 -0.00340648  0.00411783  0.00270862  0.00391316]
Country|[  4.19664942e-03  -2.33530183e-03  -2.23483820e-03  -2.80799647e-03
   4.39567259e-03   2.31931848e-03   3.39197647e-03   3.16732004e-03
  -2.17565731e-03  -1.07111628e-04   2.66335090e-03  -2.23155017e-03
  -1.82393135e-03  -2.71921209e-03  -2.06708862e-03  -2.02370179e-03
   5.08434896e-04  -6.50004658e-04   4.18694573e-04  -4.37374087e-03
   1.71163643e-03   3.11660976e-03  -3.67707666e-03  -8.96797166e-04
  -4.94197337e-03  -2.02249954e-04   1.67495606e-03  -2.02568108e-03
   1.59581040e-03   3.24830413e-03   3.26490984e-03   2.68826913e-03
  -4.51522926e-03   3.39602353e-04  -4.46272502e-03   1.17659476e-03
   2.38907477e-03  -1.58646947e-03   1.54312036e-03   1.34688953e-03
   4.80137905e-03  -4.74102609e-03  -3.94734292e-04   6.98523309e-07
   3.20270541e-03  -2.19135475e-03   1.17606029e-03  -3.90187209e-03
   4.18697018e-03  -2.83734826e-03  -3.53600294e-03  -3.67641309e-03
  -4.46186401e-03  -2.38368544e-03  -1.43577682e-03   2.22786935e-03
  -3.73033877e-03   4.56076814e-03   3.76853324e-03   4.31792950e-03
   2.07182323e-03  -3.85742262e-03   2.64263758e-03   3.23298707e-04
   7.76369590e-04  -4.92131198e-03  -2.12918990e-03  -7.66313751e-04
   2.60326429e-03   4.13072063e-03  -6.33496849e-04   4.38212976e-03
   5.86521171e-04  -3.82968690e-03   3.72172776e-03  -2.96950713e-03
   1.69668673e-03   1.60725391e-03   1.10464718e-03  -9.18428123e-04
  -3.88918538e-03  -3.93166114e-03   3.63592221e-03   1.68375124e-03
  -1.66186423e-03  -1.91312260e-03   4.45778761e-03  -9.31092363e-04
   4.83664498e-03   4.70976392e-03  -3.52222496e-03  -4.20692516e-03
  -2.01675179e-03  -1.60524377e-03   2.83445651e-03   3.30116646e-03
   3.49764409e-03  -4.28055134e-03   4.17988002e-03  -5.07779245e-04]
Punk|[ -7.38798350e-04   1.36601983e-03  -4.43826942e-03   2.47334363e-03
   1.80460641e-03   2.07699649e-03  -2.70087243e-04  -6.52790244e-04
   6.65540501e-05   2.78236438e-03   5.21178066e-04   2.94587575e-04
   1.69511349e-03  -3.60042235e-04   4.33631288e-03   4.75415727e-03
   2.82453606e-03   4.01981082e-03   1.08652993e-03   2.51710229e-03
  -1.06323359e-03  -1.33941998e-03   7.57380156e-04   4.82627144e-03
   1.91210432e-03  -2.50476249e-03   2.24956544e-03   4.25351970e-03
  -3.56032280e-03   1.49699871e-03   1.75354257e-03   1.23697810e-03
  -4.66681959e-04   3.56402528e-03   4.91772080e-03  -4.98264609e-03
   1.26370077e-03  -7.76577101e-04  -8.10036610e-04   4.40933509e-03
   3.82453739e-03  -3.96151375e-03  -1.18324545e-03   4.02535871e-03
   3.94725287e-03   2.37830961e-03   3.23803606e-03   3.41977458e-03
  -3.19893751e-03   4.78920061e-03   2.75695045e-03   3.04339221e-03
  -2.94709858e-03   4.58788453e-03  -1.06600125e-03  -3.05163977e-03
   4.66489233e-03   4.61034756e-03  -2.26684776e-03  -1.36570353e-03
   4.22652252e-03   4.51968343e-04  -4.15082974e-03   9.63152270e-04
   3.26501275e-03   2.67023966e-03   3.84459412e-03  -1.42811681e-03
  -3.04337917e-03  -2.02403567e-03  -3.50497081e-03  -9.81770572e-04
  -1.54073397e-03  -4.77622707e-05  -1.63149758e-04   2.55434355e-03
  -1.78898772e-04  -3.51271732e-03   3.34054534e-03   3.70607199e-03
   2.43359571e-03   3.09174182e-04  -2.79420917e-03  -4.88102669e-03
  -1.02574751e-03   3.80916870e-03   2.14908225e-03  -1.30374730e-03
   3.78782884e-03  -1.62746361e-03   5.09614241e-04   9.52949747e-04
  -2.36726389e-03   1.52948414e-04  -1.80893729e-03  -6.24430890e-04
   2.55551375e-03  -3.63019342e-03   1.69496401e-03  -1.80475775e-03]
R&B|[ -4.00792388e-03   3.42881400e-03  -3.30344331e-03   8.40398890e-04
   4.37043840e-03   1.88727491e-03  -1.81424525e-03  -4.78232279e-03
  -3.16572585e-03  -2.06959923e-03  -2.94327992e-03   3.93630192e-03
  -2.39802827e-03  -4.11742600e-03   2.24499567e-03  -2.35214291e-04
  -1.53073226e-04  -2.03751540e-03   1.77788141e-03   1.86353014e-03
   2.58055050e-03   2.29201140e-03  -4.21420857e-03   3.69758997e-03
   1.28770666e-03   3.99661716e-03  -3.74278286e-03  -3.10903153e-04
  -2.48517469e-03  -4.74032480e-03  -4.64595621e-04   1.47414545e-03
  -3.83700221e-03  -2.68491264e-03   4.54729516e-03   2.25684908e-03
   2.65882164e-03  -1.45598676e-03  -3.61031876e-03  -4.56559565e-03
   3.46810231e-03  -3.45975684e-04  -2.50172871e-03  -2.02505593e-03
  -1.80970540e-03  -7.50157982e-04  -1.06111052e-03   4.06997558e-03
   7.74850312e-04   7.68709724e-05   7.27669976e-04  -3.96644371e-03
   3.91743053e-03  -2.18447787e-03   2.52078031e-03   8.50251643e-04
   2.69951578e-03   1.72609359e-03   5.91658929e-04  -4.18136129e-03
  -4.46025608e-03   3.73098929e-03   1.66509638e-03  -9.83007718e-04
   3.81239632e-04   4.15781420e-03  -2.47433665e-03  -3.82376951e-04
  -1.64471066e-03  -4.46922798e-03  -3.23383516e-04   1.09035091e-03
   2.59346003e-03   6.53907773e-04   7.07449333e-04   4.71783755e-03
   3.04870354e-03  -2.54450040e-03   1.53943535e-03   4.64480137e-03
   4.40342491e-03  -4.17062035e-03  -1.80164818e-04   1.13241421e-03
  -1.06769835e-03  -1.68916490e-03   3.90208769e-03   1.72889279e-03
  -4.95856628e-03   3.00280773e-03  -1.26711896e-03   9.45866486e-05
  -1.09923631e-03  -4.83342772e-03   4.32363339e-03   3.47413844e-03
  -6.38750644e-05   1.45551015e-03   6.71703485e-04  -2.19209120e-03]
Pop|[  2.44430063e-04   4.87939746e-04  -2.19031586e-04   2.70490162e-03
  -2.57905643e-03  -4.70363675e-03  -2.62794690e-03   3.33647896e-03
   3.43394512e-03  -2.87778769e-03   6.12653530e-05  -3.33784637e-03
  -1.83628057e-03   4.96252300e-03   3.23494337e-03   3.19148717e-03
   1.36233098e-03   4.01609112e-03   4.60032467e-03   3.55771015e-04
   4.65941615e-03   9.73020564e-04  -3.91929643e-03  -3.88409686e-03
  -3.72976298e-03   2.48363661e-03  -3.58527387e-03  -1.63517206e-03
   4.75911144e-03  -9.01426247e-04  -2.81723845e-03   3.93884256e-03
   1.69371720e-03   9.78056923e-04  -4.08633612e-03   1.44092587e-03
   2.96743796e-03   3.45787080e-03  -2.29834742e-03   1.29986636e-03
   1.87010970e-03  -2.79468228e-03  -1.51702412e-03   4.03902913e-03
   1.19763485e-03  -2.64385785e-03   4.61542699e-03   4.81217448e-03
   3.24839493e-04   1.79959438e-03   4.70190542e-03  -1.30566163e-03
  -2.55600247e-03   2.19288096e-03  -3.24706198e-03   2.51078815e-03
   4.19104472e-03  -3.68746214e-06  -1.69182580e-03  -1.51975499e-03
  -3.13574309e-03   4.60057659e-03  -4.24382556e-03   1.06978358e-03
   4.65997029e-03  -1.08436949e-03   4.28994233e-03   2.87394808e-03
   2.35832087e-03  -1.66521501e-03  -1.04188788e-04   3.10137868e-03
   4.74372599e-03   1.06695562e-03  -7.56136957e-04   2.27664365e-03
  -3.72003391e-03  -2.78962689e-04  -3.29056429e-03   3.48193513e-04
  -2.07210938e-03  -2.37703975e-03  -2.66427267e-03  -2.18508579e-03
   2.76736054e-03   3.82943917e-03   3.09198396e-03   2.45502708e-03
  -1.64721010e-03  -3.85930180e-03   3.89659824e-03   1.17199006e-03
  -3.30038602e-03   7.40338641e-04  -3.45389452e-03   2.96904356e-03
  -3.47715826e-03  -2.28584651e-03  -1.04818260e-03  -9.49145877e-04]
Blues|[ -2.65348703e-03  -3.24837258e-03  -3.36465775e-03  -1.89021591e-03
   6.43984706e-04   2.10749172e-03  -9.23528452e-04   4.94633103e-03
  -1.69207272e-03   1.67415198e-03   2.67503574e-03   4.97621531e-03
  -4.11817525e-03   3.96493590e-03  -1.56313262e-03   4.38661780e-03
   3.38908139e-04  -3.40835005e-03   4.06180229e-03  -9.81875710e-05
  -1.30121363e-04   2.12427299e-03  -4.33134474e-03   2.13995902e-03
   2.61610863e-03   2.02768351e-04   4.45170561e-03   2.63215345e-03
   3.36404482e-04   2.69444310e-03  -1.04319048e-03  -3.54724564e-03
   3.90750961e-03  -2.97292322e-03  -2.40212586e-03   1.05834822e-03
  -1.72617263e-04   4.82235150e-03   2.96497974e-03   3.05450708e-03
   2.10226537e-03  -1.26822828e-03   1.10352063e-03  -1.52534642e-03
  -4.35563223e-03  -3.15870554e-03  -4.49595181e-03  -1.39566499e-03
  -4.39016288e-03   1.90674094e-03  -2.64709513e-03  -1.45609525e-03
  -8.30854260e-05  -4.04273998e-03   4.93634911e-03   2.70279800e-03
  -1.76757714e-03   1.82362495e-03   1.53014832e-03  -4.84493375e-03
   9.59313824e-04   5.94858604e-04  -4.23806999e-03  -2.57171551e-03
   3.52629623e-03   4.60438617e-03   1.93044497e-03   1.56628760e-03
  -3.95849720e-03   2.28059641e-03   4.30894038e-03   3.56830633e-03
  -1.25318894e-03   1.46472408e-03  -1.89010205e-03   4.60034516e-03
  -2.05680891e-03  -9.93076712e-04   4.32301639e-03  -3.63121019e-03
   4.88268305e-03  -1.89927849e-03   1.50711602e-03   8.20032656e-05
  -1.53966935e-03   4.76027280e-03   2.95717362e-03  -3.69847217e-03
   4.32202178e-05   3.29570193e-03   1.22951809e-03  -2.50820816e-03
  -6.56019605e-04  -3.65266087e-03  -2.00710632e-03   8.86290509e-04
  -4.46542911e-03   3.15752439e-03   3.73031432e-03  -4.82074218e-03]
Other|[ -1.16715895e-03   3.98321263e-03  -3.98541754e-03  -1.19912589e-03
  -5.55107603e-04   4.70270729e-03  -4.37725615e-03   2.83873663e-03
  -2.89837806e-03   2.64040311e-03   3.29892937e-04   1.66659255e-03
  -8.46638693e-04   1.26810081e-03   2.77148350e-03  -4.76494571e-03
   3.83894402e-03   2.70669581e-03  -3.58101795e-03   6.47942303e-04
  -1.59352750e-03   4.08426719e-03  -1.43630372e-03   6.26927125e-04
  -2.51097069e-03  -4.15945705e-03  -6.29184069e-04  -2.77397642e-03
   1.94848247e-03   3.48375994e-03   1.24180492e-03   2.12464854e-03
   4.61767986e-03   3.06553254e-03   2.52623972e-03   1.34094502e-03
  -1.70882398e-04   9.90527915e-04  -2.85371509e-03   1.88730971e-03
   3.83624551e-03  -4.68280306e-03  -3.84432497e-03   1.22587825e-03
   2.05067961e-04  -1.93222379e-03   4.43129148e-03   3.40472499e-04
  -2.18510604e-03  -4.61723283e-03   6.67846121e-04   2.03772099e-03
  -3.65894521e-04   3.67976842e-03   3.11122206e-03  -3.52749741e-03
  -2.78692250e-03   3.54782940e-04   1.76728412e-03   8.95174569e-04
  -3.19896592e-03   7.27031031e-04   1.22020696e-03   7.07517393e-05
  -3.99346836e-03  -3.51853389e-03  -2.75970157e-03  -2.31513521e-03
   3.46951606e-03   3.31108866e-04   3.31094256e-03  -1.66055514e-03
   1.53619424e-03  -2.95590889e-03   3.47119197e-03  -7.21759978e-04
  -1.28133659e-04  -1.48674846e-03   4.58976108e-04   2.84756324e-03
   3.02339997e-03  -2.75277346e-03  -2.74644117e-03   1.09277712e-03
   2.25172448e-03  -4.54336964e-03  -1.07830460e-03  -2.70610186e-03
   3.74506344e-03   2.33857543e-03   9.91345150e-05   3.45206796e-03
  -1.21718994e-03   4.38487949e-03   3.19091161e-03  -6.44016080e-04
   3.50187853e-04  -2.89476034e-03   4.68376093e-03  -3.26888007e-03]
Metal|[  4.39816900e-03   7.18265714e-04  -2.12768978e-03   2.01202696e-03
  -4.36335523e-03   4.13687900e-03  -1.46575423e-03  -2.81387987e-03
   4.60071675e-03   3.22771468e-03  -4.87195968e-04   7.93685671e-04
  -6.43849315e-04   3.14077915e-04  -4.11831867e-03  -2.92960182e-03
  -2.80229980e-03  -1.14102103e-03   2.12637032e-03   4.92149126e-03
   3.07254610e-03   2.44541996e-04   3.03826085e-03  -3.07254028e-03
   6.99339376e-04  -1.34233444e-04  -5.33639803e-04  -1.86872482e-03
   3.78770893e-03  -3.15570435e-03  -2.97554303e-03  -4.44317190e-03
   2.66561680e-03   4.38312255e-03   3.93445697e-03  -2.02315603e-03
  -3.76857212e-03   4.78937896e-03   4.72011091e-03  -3.19049205e-03
   1.65541144e-03  -4.43572970e-03   4.42042435e-03  -2.73843366e-03
   4.53105383e-03  -2.83523207e-03   1.17387179e-04   2.50848476e-03
   1.92002638e-03   3.15663195e-03   1.54835277e-03  -2.04333523e-03
  -1.19210605e-03  -4.81542526e-03   3.10876244e-03  -7.58083130e-04
  -1.13184738e-03   3.96783091e-03   2.81310221e-03   2.34428662e-04
  -2.85980944e-03   3.49162077e-03  -2.67462945e-03  -7.29681487e-05
  -1.93056825e-04   1.56432274e-03   3.25693330e-03   6.49556096e-05
   3.31019005e-03   4.51477757e-03  -1.71808788e-04  -2.48224358e-03
  -4.42330074e-03   4.44996171e-03   3.53840459e-03   2.76436121e-03
   3.36895534e-03   4.30453382e-03  -4.97889426e-03  -1.63523539e-03
  -3.42169963e-03   4.45316639e-03  -1.32568798e-03  -1.61448307e-03
   3.41035600e-04   4.52407543e-03   2.95541482e-03   8.80763691e-04
   3.15281097e-03  -2.59477925e-03  -2.88456888e-03  -1.22502373e-04
   2.16045114e-03  -4.66654106e-04   3.85410785e-05   2.45097396e-03
  -3.52893630e-03   5.06591517e-04   4.35560942e-03  -4.53262124e-03]